0.12505493868229678
0.10976621119334595
0.10006783640710637
0.09418919686868321
0.09125564368878258
0.08975747763906838
0.0880039700641646
0.08732821368175792
0.0861552988862968
0.08504011492914287
0.08490963847725652
0.08440541533491341
0.08325462215725565
0.08312152896542102
0.08304314663837431
0.08289249035442481
0.08251412970275851
0.08232463950844249
0.08232945056806784
0.08212041086517274
0.08148044843983371
0.08136386678233976
0.08146833095088368
0.08145401190267876
0.08089800315065077
0.08077613845671294
0.08063359736115672
0.08049838752049254
0.08045336539362324
0.0802170082606608
0.08016527572181076
0.07993251924926881
0.07975072238332359
0.07988498569466174
0.0792927001384669
0.07933857021998847
0.07902639691747027
0.07872230881912401
0.07915538439556258
0.07885454282222781
0.0783070665638661
0.07835306716879131
0.07804095098254038
0.07729549470968777
0.07711646500683855
0.07680645965592703
0.07711259058123687
0.07593939386424609
0.0766248926956905
0.07546755326620769
0.07576469705963973
0.07575880514195887
0.0750283001398202
0.0747201984122512
0.07401442596892593
0.07380469691270264
0.07403083646204323
0.07364601700101048
0.07259517773491098
0.07276857924443902
0.0719677048837184
0.07158509590954054
0.0720027475617826
0.07056190328876255
0.0714252205361845
0.07113226003275486
0.07076783026423072
0.07019860563013935
0.07004038904415211
0.07064495993108721
0.0697196875771624
0.06828203618351836
0.06847624100191751
0.06793498827028088
0.06836969271535054
0.06855524334241636
0.06797413776803296
0.06727207299991278
0.06793893410940655
0.06819113289384404
0.067366629235039
0.06752958820288768
0.06682878251740476
0.0674118231763714
0.06704413189436309
0.06668170465854928
0.06701015552971512
0.06658362312737154
0.06663592096447246
0.0665922383996076
0.06600546021945775
0.06583325302926823
0.06588315722183324
0.06537010329338955
0.06600359636649955
0.065162353865162
0.0645853524983977
0.06611388055898715
0.06508895098522771
0.0643568138621049
